,DC.M.48.1,DC.H.48.1,NZ.H.48.1,AZ.M.48.1,NZ.M.48.3,AZ.L.48.1,AZ.M.48.2,PR.L.48.1,NZ.H.48.2,CP.L.48.1,NZ.L.48.3,CP.H.48.3,NZ.H.48.3,DC.M.48.2,NC.1D.48.1,DC.H.48.2,PR.L.48.3,PR.M.48.1,DC.L.48.1,PR.M.48.2,PR.H.48.1,CP.M.48.1,NC.1D.48.2,CP.M.48.2,AZ.L.48.2,AZ.H.48.1,CP.L.48.2,PR.L.48.2,PR.M.48.3,NZ.M.48.2,NZ.L.48.1,DC.L.48.2,AZ.L.48.3,AZ.H.48.2,NZ.M.48.1,NZ.L.48.2,DC.L.48.3,CP.L.48.3,DC.H.48.3,PR.H.48.2,CP.H.48.2,CP.M.48.3,PR.H.48.3,DC.M.48.3,AZ.H.48.3,NC.1D.48.3,CP.H.48.1,AZ.M.48.3
DC.M.48.1,0,12679039191.7194,5069247397.3524,6031526502.32993,14993088855.9738,6294805557.73391,5413799231.62342,7271254748.96885,4266941103.75212,8465310882.96865,11929317154.8846,11898686858.8959,5062127289.13614,3666500179.11503,5651758352.16691,11898796839.8616,10698600186.1004,6110786987.3468,11119305203.7132,7513372133.50924,5833525068.28029,12296762666.3764,13453783957.3369,12073066243.0198,6813991319.7046,5360017298.0432,12684472470.8754,8897825594.34871,8356082917.28656,8201307286.43335,9608587060.75415,7163727875.49599,11468887116.0282,6890972314.86036,18374349008.0047,8184162378.61553,4871550144.43994,8296637070.60705,12392169237.6472,5230955358.95788,11914424485.7546,11989059096.5154,8151957368.56205,3423597194.17538,5468614906.63885,10933365672.2625,12214285275.3072,8634696022.76273
DC.H.48.1,12679039191.7194,0,15468235827.9295,14768925552.6091,21875375810.1591,15222164658.0003,14926687814.0844,17212566853.9016,15029542470.0964,16696485627.2903,20476992791.7972,13766721954.4838,14516619125.0158,13382340620.615,14240349370.3456,7292257575.43682,19737489051.1383,15362149505.113,19480012890.2546,15974324888.9552,15314079834.7764,14070570027.4338,22264395873.4772,13920695411.6766,16277065099.5145,12697203189.327,20757947611.9677,18004184639.4145,18005746964.7784,17859288038.9616,18483178496.1223,16547424554.5485,20047258015.0175,11692511830.5165,26352884848.5358,17618456159.2679,14486714995.7953,15545619616.1736,6409794055.66979,14493039504.4316,13819265141.3973,13885477621.7252,17730978858.2396,12852245544.0363,10678973058.8061,19143090429.5926,14014845592.7969,13589936705.7176
NZ.H.48.1,5069247397.3524,15468235827.9295,0,6101870111.44326,12576504237.7929,5952185663.84309,5201231562.6581,5014762262.42412,3572416631.07249,9089011176.53472,9134216650.11062,14388141524.4934,4647093120.7764,5209877878.12934,6191392630.29077,14753067618.3078,8098147416.73545,5775870455.58399,8792486322.43149,5885318947.46828,4929914573.19663,14738883988.0322,10434670076.8167,14527527587.9475,5214437011.90434,7450691357.96107,12059110653.476,7188261905.85408,5574202097.10516,5957828891.69662,7309211164.32989,5690804301.26216,9071607774.18931,7968240272.26263,15789983034.7926,6285283398.9203,5213242442.22294,9068497312.35073,15321289351.5066,5468202065.58755,14406794826.6943,14495224730.5557,6679477212.5823,4822183596.76301,7419353730.19417,8914932935.48235,14691348162.407,9132764334.72283
AZ.M.48.1,6031526502.32993,14768925552.6091,6101870111.44326,0,14617063682.1294,3418036444.85314,4397608551.1606,7200569915.00358,6243908178.0976,7201075627.5742,11186668056.6799,12849828099.2898,6239204770.43301,5766803848.79416,5886381683.22958,13748012731.1802,10179294675.1692,3838507128.03614,9574545394.20835,7064675881.05775,5555617926.23418,13176490464.8371,12681883033.6335,12982221134.3684,5339859583.70094,6556366350.68489,10437875638.0649,6245740891.26303,7252809915.2135,6060284817.68363,8387990131.25236,5640779915.19763,8749920522.04318,7746158801.6105,16824091123.7966,5467176322.38725,4511243204.25266,6955578940.91735,14604764874.0348,5442817006.77397,12835381717.0411,12891810788.8393,9362545145.89968,6667771261.9057,7047674149.7527,8804236500.63206,13076667533.6122,8699830359.29589
NZ.M.48.3,14993088855.9738,21875375810.1591,12576504237.7929,14617063682.1294,0,14841054781.1448,14826188962.5096,10827396850.5238,14458213608.9221,15909349707.5293,6708870633.35144,24735644005.7658,14015236592.7056,13373822767.663,15243963200.2823,22972783692.062,7966119626.7439,14548259873.3048,7911221129.19257,10258090846.4682,12416335166.2018,25027707591.9186,7858635094.91929,24874990681.194,13197783624.1128,17748405258.352,13323520437.1637,11181343633.4916,10419612621.2955,11339035242.1989,9947449083.88149,11815961196.238,10244896922.0454,14437347999.6306,10843572272.0435,11969290950.4187,14948263006.1329,13650283413.4795,22738875187.4842,15086188257.6498,24745129824.2953,24783388290.0392,11307854018.4291,13576515173.5841,15335132221.6725,9948479142.75995,24970750597.8813,13118943709.9089
AZ.L.48.1,6294805557.73391,15222164658.0003,5952185663.84309,3418036444.85314,14841054781.1448,0,3691623591.18558,6960449119.39795,5922374638.2816,6673262591.77338,11155380236.1507,12125497779.1632,5470152470.14889,6140683177.69199,5073014704.50278,13978173574.3189,10108533004.8305,2704631194.64487,10098960230.0645,6960146280.10174,5171683441.45314,12433298605.3519,12680775845.0285,12250854846.7932,4070424272.70427,6703598521.35052,10954220438.6078,6703546362.25248,6582997828.59954,6186111003.20366,8309624697.85925,6245689436.96241,9541935986.64896,8662740561.51015,17334890088.9587,5540711385.73996,4040208413.15489,7432732263.19327,15034531396.7702,4455450103.90092,12111519158.1772,12163663842.3168,9324642152.75419,6879287458.87241,7774157758.4343,9830020897.74806,12333469620.1499,9924137874.33213
AZ.M.48.2,5413799231.62342,14926687814.0844,5201231562.6581,4397608551.1606,14826188962.5096,3691623591.18558,0,7118752034.22771,4939560470.91628,7387437394.80373,11263262100.1775,12178382987.8674,4838460795.29658,5450793244.05727,5808309091.78007,13843809366.2906,10417775118.2173,4613885471.9092,10537488586.2188,7145703465.81682,5365059379.20323,12551078381.0508,12939795510.43,12326108655.0826,3745539560.44454,5357781063.01326,11945078081.8927,7999674422.63053,7024594092.76539,6687918106.86205,8968498309.37751,7396421661.73121,10179948850.1951,8181697403.64299,17822369108.6492,6706425392.4114,4723257081.64226,7805707585.85696,14830442438.2747,4275283837.51423,12190187723.5057,12236489656.3759,8566617489.23405,6278147109.39234,6514886704.3768,10733445139.9659,12453876266.3279,9420714213.05429
PR.L.48.1,7271254748.96885,17212566853.9016,5014762262.42412,7200569915.00358,10827396850.5238,6960449119.39795,7118752034.22771,0,6297546845.45226,9039414098.87331,6855464905.03583,16453054271.0467,6484872668.95965,6497551746.3344,6616877370.20064,16603754620.9784,5733900080.18867,6427653896.44454,7254158304.66746,4794246782.25091,5660426104.20281,16746244245.0374,7516979509.69012,16583427718.9616,5930407366.93964,9862457761.79778,10846184098.3754,5602362747.80834,4459803934.51845,5269545251.42772,5778932559.93843,4833660588.91933,8060527261.19842,9148431245.64852,13223595808.7462,5011270611.37981,6857453693.58328,9398411557.38358,16979994188.7866,7209649367.84376,16453417908.9961,16509772168.178,6774264600.84039,6734829560.09976,9608299970.84685,7387541907.53043,16682488520.2362,9413288969.2628
NZ.H.48.2,4266941103.75212,15029542470.0964,3572416631.07249,6243908178.0976,14458213608.9221,5922374638.2816,4939560470.91628,6297546845.45226,0,8706885256.91135,10916814542.5649,12847078907.8767,3816767076.45018,5463666128.12025,6008756180.8478,14062275395.1679,9881073718.74576,5867657985.41762,10137784879.9334,7152860043.71997,5520421824.90357,13208754314.3392,12362402778.1128,12992494456.9865,5820647216.98888,6265614707.72323,12795522322.6746,8445047669.90843,7250653735.10621,7311186463.74076,8680365825.79513,6835716878.49242,11006066436.759,8620096676.08941,17634499985.3828,7403291600.11427,5159628216.46051,9202859458.87679,14826339111.6225,5072247531.04054,12872970845.4825,12946113220.6452,7603748993.2051,4885919901.66135,7131702926.46358,10755909456.2053,13151835590.8865,10286648802.5596
CP.L.48.1,8465310882.96865,16696485627.2903,9089011176.53472,7201075627.5742,15909349707.5293,6673262591.77338,7387437394.80373,9039414098.87331,8706885256.91135,0,12386602572.8466,13299318164.6307,8387055546.57712,8136602046.25097,7578905389.55876,15344642858.7077,11199059465.0158,6628565577.7949,12232822753.6975,9018578222.96362,7765118996.5165,13514982724.0355,13923248619.1139,13367070234.2762,7549274181.97883,9142959861.46128,9744709996.27582,8935394799.81031,9011150942.62792,9281783200.33804,10886719370.1377,8760066334.78839,12051204826.1916,10611536696.5396,18702909218.25,8702399177.04677,6991225327.31942,6863570837.37908,16346313259.856,7150206298.53791,13237192116.6239,13269274083.644,11221286357.2818,9056496754.35345,9789171954.83487,11825735479.2232,13405431924.1838,11058755736.1555
NZ.L.48.3,11929317154.8846,20476992791.7972,9134216650.11062,11186668056.6799,6708870633.35144,11155380236.1507,11263262100.1775,6855464905.03583,10916814542.5649,12386602572.8466,0,21224620325.4706,10607002531.8686,10280646713.0675,11540898924.9393,20820138175.606,5225986541.80733,10789589532.0983,5830121866.26054,6661360578.09763,8583907297.76495,21492844495.9403,6005824280.34553,21343428425.9362,9465399433.68814,14415384681.9923,10917566174.1292,7655541786.2454,6348594684.64742,7608443387.38009,6912677210.79631,8287319912.22635,8136896719.38346,12260675331.4026,11202896363.1459,7832550465.97826,11290907366.4177,10846111286.1903,20966120758.9271,11277256682.4922,21225477243.1368,21282873410.2975,8497386937.58961,10702421070.4548,12815273027.2878,7660581489.74845,21444714312.4205,11367261777.5665
CP.H.48.3,11898686858.8959,13766721954.4838,14388141524.4934,12849828099.2898,24735644005.7658,12125497779.1632,12178382987.8674,16453054271.0467,12847078907.8767,13299318164.6307,21224620325.4706,0,12228373923.2359,13450825779.1937,11024922253.9613,11081920509.966,20416296624.696,12483595165.2986,20552551092.9098,15918770300.974,13693134823.676,1736181625.19633,23189584192.0429,950214916.070868,14218977627.7133,9272785927.52289,20497930183.77,17536217292.9714,17014166336.6061,16888215679.0856,18363745929.2572,15997319611.0855,20673830465.3482,14792299367.6731,28001404608.6237,16099674031.4839,11640868189.7623,15042704473.5577,13254532674.5102,11453537014.0276,920302275.525643,1172181533.15122,17982436327.8876,13582828022.946,11906650467.9734,20208718416.3799,1117814942.35941,17104212312.4801
NZ.H.48.3,5062127289.13614,14516619125.0158,4647093120.7764,6239204770.43301,14015236592.7056,5470152470.14889,4838460795.29658,6484872668.95965,3816767076.45018,8387055546.57712,10607002531.8686,12228373923.2359,0,6047076835.24237,5448877068.98873,13970769522.4224,10195305124.3464,5376738818.31284,9720186818.16449,6105304895.30291,4741619114.02174,12589898481.295,12638383936.3191,12370373447.6038,5637148824.84179,6073946400.31369,12841101415.4547,8632499988.51956,7320592899.993,7311488932.99712,7904337304.26019,7072451244.92765,11137888388.5346,8945746984.23099,17622931020.604,7376764547.89907,4794968653.38318,8321500021.8008,14862107150.7434,5072046627.81411,12241771583.005,12317291783.3132,7919184459.9433,5728409629.68035,6584914823.14655,11155975234.5663,12517201905.117,10700111900.4877
DC.M.48.2,3666500179.11503,13382340620.615,5209877878.12934,5766803848.79416,13373822767.663,6140683177.69199,5450793244.05727,6497551746.3344,5463666128.12025,8136602046.25097,10280646713.0675,13450825779.1937,6047076835.24237,0,5947639821.12216,12844701263.6027,9185654449.98071,6178378636.42572,10014139411.0344,6493692528.30056,5195986570.26436,13814565978.9403,12139541484.2956,13610985245.3015,5884239485.32484,6531870423.28771,11017550494.3862,7648231081.78947,6875112669.34672,7004494710.83382,9026966194.54313,6307298931.75967,10068313649.0075,6247960497.87846,17081579494.3675,6751766715.12214,5342228378.10414,7641264668.03888,13167835704.2489,5172090148.97421,13459159377.873,13538938083.6194,7407677060.55428,3463167245.19961,5825909976.68641,9419944532.53901,13743168206.6207,6782452926.40645
NC.1D.48.1,5651758352.16691,14240349370.3456,6191392630.29077,5886381683.22958,15243963200.2823,5073014704.50278,5808309091.78007,6616877370.20064,6008756180.8478,7578905389.55876,11540898924.9393,11024922253.9613,5448877068.98873,5947639821.12216,0,12892397041.1355,10244457428.3805,4853104615.46484,11170036280.7356,6714370869.83126,5774188956.07014,11345837037.8084,13088639572.9344,11156582299.6961,6502856991.93448,6799532976.55187,12775425306.8684,8322639629.9524,7775059039.6743,7862525604.18645,8862616008.36912,6811177876.5327,11300053547.5899,8692867705.4086,18047640811.6444,7047906477.10485,4482727734.18203,8837449398.5957,13863756197.496,5310407323.14222,11028325435.8052,11095199705.7078,9780972900.74576,6557272139.16184,7652602155.25183,10639026384.8143,11259801079.212,9862291437.28892
DC.H.48.2,11898796839.8616,7292257575.43682,14753067618.3078,13748012731.1802,22972783692.062,13978173574.3189,13843809366.2906,16603754620.9784,14062275395.1679,15344642858.7077,20820138175.606,11081920509.966,13970769522.4224,12844701263.6027,12892397041.1355,0,19603190534.8379,14103383872.6911,19955121426.5638,16117017890.3372,14793391680.3493,11355098253.7683,22181646500.9571,11207800692.3882,15363626546.0083,11267250600.7533,20227568374.4427,17398320352.8204,17383382122.2281,17251441527.7929,18518029121.7564,15988597104.8227,19925857996.9995,11635641996.2338,26633932529.6328,16794687281.1159,13219331342.1918,15444733409.2456,3785693784.14903,13118031001.4405,11093879275.8802,11174299813.6166,17526381225.1204,12466859404.8232,10639680424.0553,18999064985.9002,11276185377.3095,13602258391.9696
PR.L.48.3,10698600186.1004,19737489051.1383,8098147416.73545,10179294675.1692,7966119626.7439,10108533004.8305,10417775118.2173,5733900080.18867,9881073718.74576,11199059465.0158,5225986541.80733,20416296624.696,10195305124.3464,9185654449.98071,10244457428.3805,19603190534.8379,0,9613797576.84216,6620847363.04342,7360904509.29275,8591498185.35369,20691820509.8246,5071341972.99454,20541797948.8811,8716287244.44297,13666845979.4891,10105486413.3137,6427562576.71225,5520472655.63724,6954009015.50843,6665546056.96677,6930443399.30987,7093698851.57815,10819608250.2507,10534058420.0803,7277057913.20021,10126272236.4401,10905932155.2023,19658824057.5057,10412392552.0888,20415463652.2043,20459708551.662,7677383137.37689,9386759049.84201,12461812551.9847,6605525323.41805,20640839589.276,9904875773.09001
PR.M.48.1,6110786987.3468,15362149505.113,5775870455.58399,3838507128.03614,14548259873.3048,2704631194.64487,4613885471.9092,6427653896.44454,5867657985.41762,6628565577.7949,10789589532.0983,12483595165.2986,5376738818.31284,6178378636.42572,4853104615.46484,14103383872.6911,9613797576.84216,0,9849548541.5043,6715277407.65125,4929603181.12053,12752313340.2376,12169238097.1162,12589501430.5045,4922571995.3674,7220101514.94076,10926736180.145,6026691800.69934,6557962992.61691,5905464399.61435,7713638158.02941,5638842167.41417,9420226007.42626,8658893532.24243,16970292761.3349,5343006044.04917,3293989981.60207,7471649195.66663,15050165938.2222,4432654744.06164,12447537379.761,12490824650.6292,8942459388.90779,6729263186.02513,7948801461.86201,9359238035.6272,12657372343.1599,9966440608.97796
DC.L.48.1,11119305203.7132,19480012890.2546,8792486322.43149,9574545394.20835,7911221129.19257,10098960230.0645,10537488586.2188,7254158304.66746,10137784879.9334,12232822753.6975,5830121866.26054,20552551092.9098,9720186818.16449,10014139411.0344,11170036280.7356,19955121426.5638,6620847363.04342,9849548541.5043,0,6711486943.008,8357918729.27055,20868810826.4228,7709438729.58344,20706747446.233,9272108385.20397,13436001446.7879,10487956250.5704,6550469346.82877,7283911453.66651,6777623371.77129,5468973715.34532,7087105076.29719,6427627568.14009,11698966535.0372,10416055685.6417,7347153991.77339,10409674229.7595,10072950267.1949,20107824593.9133,11084401575.9518,20563381877.1255,20587331877.1648,8545555532.47775,10204203158.0164,11995771096.0883,6558552964.62944,20796995655.2878,11136030284.1677
PR.M.48.2,7513372133.50924,15974324888.9552,5885318947.46828,7064675881.05775,10258090846.4682,6960146280.10174,7145703465.81682,4794246782.25091,7152860043.71997,9018578222.96362,6661360578.09763,15918770300.974,6105304895.30291,6493692528.30056,6714370869.83126,16117017890.3372,7360904509.29275,6715277407.65125,6711486943.008,0,4577753954.48471,16215104522.6075,9387178617.1661,16048217982.1164,6335491293.59482,9616667571.1799,10979280154.4452,6604727460.76136,5744760432.10947,6414967518.41548,6250628013.80867,5597609975.56263,8714556481.35271,9079627194.56198,14474980462.2051,5893702214.06864,6910697308.0094,7564422681.02779,16564669768.0944,7180115493.95694,15910128665.5363,15974234370.4396,7899447848.15987,7123356519.73654,8212817565.89785,8154284820.43976,16156259742.4132,9132403591.60579
PR.H.48.1,5833525068.28029,15314079834.7764,4929914573.19663,5555617926.23418,12416335166.2018,5171683441.45314,5365059379.20323,5660426104.20281,5520421824.90357,7765118996.5165,8583907297.76495,13693134823.676,4741619114.02174,5195986570.26436,5774188956.07014,14793391680.3493,8591498185.35369,4929603181.12053,8357918729.27055,4577753954.48471,0,14020550004.2936,11111960098.3077,13845107928.174,5109314874.34192,7348351879.99571,10586659194.5676,6424947232.90188,5429338499.33919,6121949391.32634,7159043912.46986,5520067588.75361,9578760202.47718,8237770657.3708,16331192915.755,5330815478.34103,4748932671.3061,6762850139.99227,15546897398.5644,4146161717.09566,13699160872.9964,13731649418.0768,6966405662.86463,5850532324.79965,6945143010.32004,9215198272.23307,13941449040.2388,9162061834.53035
CP.M.48.1,12296762666.3764,14070570027.4338,14738883988.0322,13176490464.8371,25027707591.9186,12433298605.3519,12551078381.0508,16746244245.0374,13208754314.3392,13514982724.0355,21492844495.9403,1736181625.19633,12589898481.295,13814565978.9403,11345837037.8084,11355098253.7683,20691820509.8246,12752313340.2376,20868810826.4228,16215104522.6075,14020550004.2936,0,23460900982.2626,1501807034.76359,14564346175.4338,9654854247.10796,20789065683.9633,17786509866.6783,17310736414.7952,17225919100.8524,18631251327.4027,16297673020.8073,20986593566.3635,15120023807.0029,28307895087.7303,16382007111.7941,11952984424.6478,15335182978.706,13550732845.5112,11745886644.0437,1567900531.56806,1906635214.64266,18310438584.0825,13951675402.2225,12301154319.8294,20485522399.0684,1602045365.86336,17428067534.3476
NC.1D.48.2,13453783957.3369,22264395873.4772,10434670076.8167,12681883033.6335,7858635094.91929,12680775845.0285,12939795510.43,7516979509.69012,12362402778.1128,13923248619.1139,6005824280.34553,23189584192.0429,12638383936.3191,12139541484.2956,13088639572.9344,22181646500.9571,5071341972.99454,12169238097.1162,7709438729.58344,9387178617.1661,11111960098.3077,23460900982.2626,0,23320408119.2238,10882297637.3053,16227626333.5279,11808509631.2909,8440449176.53674,7732740713.60915,9050861542.56057,8357383705.94541,9202317487.92631,8439173585.5486,13335467430.2746,8998321936.56241,9265559237.0585,12959818979.5897,13444750046.3377,22143787498.6105,13091471304.8563,23185512154.6512,23218405917.5598,9771589103.68706,12112733200.1828,15180095818.3797,7997578418.63962,23400990851.9182,12505876559.2378
CP.M.48.2,12073066243.0198,13920695411.6766,14527527587.9475,12982221134.3684,24874990681.194,12250854846.7932,12326108655.0826,16583427718.9616,12992494456.9865,13367070234.2762,21343428425.9362,950214916.070868,12370373447.6038,13610985245.3015,11156582299.6961,11207800692.3882,20541797948.8811,12589501430.5045,20706747446.233,16048217982.1164,13845107928.174,1501807034.76359,23320408119.2238,0,14382385809.0725,9420471374.78388,20629073331.5504,17650745561.4082,17150777924.3596,17061372637.4662,18484917401.9199,16132291326.0996,20818898485.4641,14937569129.4246,28165166981.4849,16220795430.2449,11770323999.0281,15153889733.8881,13411282131.3936,11569622013.0606,680669866.024249,1444241738.61209,18136154684.1711,13742122650.1523,12078736616.3341,20339908606.3904,973463864.781327,17252520034.9708
AZ.L.48.2,6813991319.7046,16277065099.5145,5214437011.90434,5339859583.70094,13197783624.1128,4070424272.70427,3745539560.44454,5930407366.93964,5820647216.98888,7549274181.97883,9465399433.68814,14218977627.7133,5637148824.84179,5884239485.32484,6502856991.93448,15363626546.0083,8716287244.44297,4922571995.3674,9272108385.20397,6335491293.59482,5109314874.34192,14564346175.4338,10882297637.3053,14382385809.0725,0,7704576381.2203,10558617624.1637,6767398544.6609,5005175397.84947,5351768241.86188,7866103496.32938,6567569642.1135,8823773754.52942,8770518368.04213,16207379231.2499,5346099710.83747,5603056041.62821,7998404843.50893,16167255450.227,4981204199.21981,14243902281.5262,14274806362.2127,7873880306.06328,6732899486.25809,8218952198.52802,9400396538.32728,14479874157.6472,9439862520.19738
AZ.H.48.1,5360017298.0432,12697203189.327,7450691357.96107,6556366350.68489,17748405258.352,6703598521.35052,5357781063.01326,9862457761.79778,6265614707.72323,9142959861.46128,14415384681.9923,9272785927.52289,6073946400.31369,6531870423.28771,6799532976.55187,11267250600.7533,13666845979.4891,7220101514.94076,13436001446.7879,9616667571.1799,7348351879.99571,9654854247.10796,16227626333.5279,9420471374.78388,7704576381.2203,0,14438142296.1149,11105127192.7991,10277963387.0965,9955892946.12796,11821441529.1524,9643021030.06972,13720142478.4099,8285332588.97826,21029610332.6073,9839778856.97415,6165509582.20783,9383849631.57901,12504102226.7047,5437962577.53375,9234526517.67114,9299995585.35302,10415803442.3735,6765184275.95693,5362439235.521,13455495300.2499,9533836406.70051,10514598678.1954
CP.L.48.2,12684472470.8754,20757947611.9677,12059110653.476,10437875638.0649,13323520437.1637,10954220438.6078,11945078081.8927,10846184098.3754,12795522322.6746,9744709996.27582,10917566174.1292,20497930183.77,12841101415.4547,11017550494.3862,12775425306.8684,20227568374.4427,10105486413.3137,10926736180.145,10487956250.5704,10979280154.4452,10586659194.5676,20789065683.9633,11808509631.2909,20629073331.5504,10558617624.1637,14438142296.1149,0,8523651121.61394,9421945722.23466,9670990200.73852,11113250407.6486,9458972022.23636,9785334386.55997,12847103390.4358,14876772258.4868,9162779682.45742,11583148354.2176,8093383885.64196,20527913329.6688,11916650158.1733,20496506261.9848,20573032500.9001,11642274558.177,11947783465.9814,13890121597.7855,9871875477.46,20718395337.9685,11779760747.0316
PR.L.48.2,8897825594.34871,18004184639.4145,7188261905.85408,6245740891.26303,11181343633.4916,6703546362.25248,7999674422.63053,5602362747.80834,8445047669.90843,8935394799.81031,7655541786.2454,17536217292.9714,8632499988.51956,7648231081.78947,8322639629.9524,17398320352.8204,6427562576.71225,6026691800.69934,6550469346.82877,6604727460.76136,6424947232.90188,17786509866.6783,8440449176.53674,17650745561.4082,6767398544.6609,11105127192.7991,8523651121.61394,0,5509931906.29851,4717284966.66809,5676879068.8445,4114986243.6417,5826708478.08859,9480911498.7271,12626455578.872,3898968707.19451,7023648074.52417,8452614007.17031,17772538032.3897,7961617095.28143,17514929937.4267,17561899382.0579,8124626271.8625,8227278059.98476,10562818448.69,5458931044.86561,17714035926.4234,9377178681.4348
PR.M.48.3,8356082917.28656,18005746964.7784,5574202097.10516,7252809915.2135,10419612621.2955,6582997828.59954,7024594092.76539,4459803934.51845,7250653735.10621,9011150942.62792,6348594684.64742,17014166336.6061,7320592899.993,6875112669.34672,7775059039.6743,17383382122.2281,5520472655.63724,6557962992.61691,7283911453.66651,5744760432.10947,5429338499.33919,17310736414.7952,7732740713.60915,17150777924.3596,5005175397.84947,10277963387.0965,9421945722.23466,5509931906.29851,0,4652809165.2873,6491541059.81865,5639739947.5231,7442225003.00004,9460817221.49792,13577318997.8295,4533620074.47415,7307771094.3339,8741872738.83402,17899801322.7177,6780519374.81209,17018890908.4223,17067913587.173,6661748983.77458,7276476251.73514,10149726023.2015,7277862654.68564,17250142185.9947,9546305377.86324
NZ.M.48.2,8201307286.43335,17859288038.9616,5957828891.69662,6060284817.68363,11339035242.1989,6186111003.20366,6687918106.86205,5269545251.42772,7311186463.74076,9281783200.33804,7608443387.38009,16888215679.0856,7311488932.99712,7004494710.83382,7862525604.18645,17251441527.7929,6954009015.50843,5905464399.61435,6777623371.77129,6414967518.41548,6121949391.32634,17225919100.8524,9050861542.56057,17061372637.4662,5351768241.86188,9955892946.12796,9670990200.73852,4717284966.66809,4652809165.2873,0,5125952266.45389,5332840368.9134,5891987486.02631,9674948292.69391,13127316682.2681,4271109179.07184,6859979639.67697,8832049164.26515,17711781956.0151,7435061239.23062,16911781988.8083,16923489719.0988,6905259327.12231,7709361539.25583,9916871331.43054,6011710781.37274,17126110594.8509,9665110200.33369
NZ.L.48.1,9608587060.75415,18483178496.1223,7309211164.32989,8387990131.25236,9947449083.88149,8309624697.85925,8968498309.37751,5778932559.93843,8680365825.79513,10886719370.1377,6912677210.79631,18363745929.2572,7904337304.26019,9026966194.54313,8862616008.36912,18518029121.7564,6665546056.96677,7713638158.02941,5468973715.34532,6250628013.80867,7159043912.46986,18631251327.4027,8357383705.94541,18484917401.9199,7866103496.32938,11821441529.1524,11113250407.6486,5676879068.8445,6491541059.81865,5125952266.45389,0,5962382579.86435,6553982613.92257,10918784664.2356,11699435001.1309,6460506453.83161,8250371052.14448,9894921082.26851,18832341855.004,9302770120.34078,18352528292.0603,18391689832.2533,7270372327.28356,9044960577.56598,11091379149.0854,6599157451.14592,18564551253.1624,11104239988.8276
DC.L.48.2,7163727875.49599,16547424554.5485,5690804301.26216,5640779915.19763,11815961196.238,6245689436.96241,7396421661.73121,4833660588.91933,6835716878.49242,8760066334.78839,8287319912.22635,15997319611.0855,7072451244.92765,6307298931.75967,6811177876.5327,15988597104.8227,6930443399.30987,5638842167.41417,7087105076.29719,5597609975.56263,5520067588.75361,16297673020.8073,9202317487.92631,16132291326.0996,6567569642.1135,9643021030.06972,9458972022.23636,4114986243.6417,5639739947.5231,5332840368.9134,5962382579.86435,0,7041556305.20626,8541429263.77258,13627548597.4595,4684173826.88514,5757190686.38604,8248955198.23356,16350138553.6563,7071247848.95396,15992888206.4459,16060702490.8369,7356168870.04082,6447017142.84467,9278066694.02986,6273555972.42448,16232026975.9911,8972811203.31273
AZ.L.48.3,11468887116.0282,20047258015.0175,9071607774.18931,8749920522.04318,10244896922.0454,9541935986.64896,10179948850.1951,8060527261.19842,11006066436.759,12051204826.1916,8136896719.38346,20673830465.3482,11137888388.5346,10068313649.0075,11300053547.5899,19925857996.9995,7093698851.57815,9420226007.42626,6427627568.14009,8714556481.35271,9578760202.47718,20986593566.3635,8439173585.5486,20818898485.4641,8823773754.52942,13720142478.4099,9785334386.55997,5826708478.08859,7442225003.00004,5891987486.02631,6553982613.92257,7041556305.20626,0,11475721680.5413,10360633480.3797,7082751292.84686,10246802196.5514,10863550446.5752,20004790513.7955,11427099211.4037,20685711285.1756,20736563654.4736,9288074670.55861,10610129356.9397,12809056067.6556,4854159282.75624,20921144579.8414,10332011015.9542
AZ.H.48.2,6890972314.86036,11692511830.5165,7968240272.26263,7746158801.6105,14437347999.6306,8662740561.51015,8181697403.64299,9148431245.64852,8620096676.08941,10611536696.5396,12260675331.4026,14792299367.6731,8945746984.23099,6247960497.87846,8692867705.4086,11635641996.2338,10819608250.2507,8658893532.24243,11698966535.0372,9079627194.56198,8237770657.3708,15120023807.0029,13335467430.2746,14937569129.4246,8770518368.04213,8285332588.97826,12847103390.4358,9480911498.7271,9460817221.49792,9674948292.69391,10918784664.2356,8541429263.77258,11475721680.5413,0,17949119180.007,9451044715.78474,8185667466.05235,9592816903.68382,11519346626.6672,7926671857.73537,14784347631.7336,14835587024.2846,9473465495.35181,5931609215.69606,5846870314.44077,10555316431.6735,15050152771.5694,5354584143.93547
NZ.M.48.1,18374349008.0047,26352884848.5358,15789983034.7926,16824091123.7966,10843572272.0435,17334890088.9587,17822369108.6492,13223595808.7462,17634499985.3828,18702909218.25,11202896363.1459,28001404608.6237,17622931020.604,17081579494.3675,18047640811.6444,26633932529.6328,10534058420.0803,16970292761.3349,10416055685.6417,14474980462.2051,16331192915.755,28307895087.7303,8998321936.56241,28165166981.4849,16207379231.2499,21029610332.6073,14876772258.4868,12626455578.872,13577318997.8295,13127316682.2681,11699435001.1309,13627548597.4595,10360633480.3797,17949119180.007,0,13871087827.4732,17691159166.8044,17630499948.5349,26378223318.2556,18611268634.4294,28024747399.0296,28002996618.4567,14416069614.5559,17293903915.3334,19823131676.6415,10902724917.81,28221699117.508,16402705420.648
NZ.L.48.2,8184162378.61553,17618456159.2679,6285283398.9203,5467176322.38725,11969290950.4187,5540711385.73996,6706425392.4114,5011270611.37981,7403291600.11427,8702399177.04677,7832550465.97826,16099674031.4839,7376764547.89907,6751766715.12214,7047906477.10485,16794687281.1159,7277057913.20021,5343006044.04917,7347153991.77339,5893702214.06864,5330815478.34103,16382007111.7941,9265559237.0585,16220795430.2449,5346099710.83747,9839778856.97415,9162779682.45742,3898968707.19451,4533620074.47415,4271109179.07184,6460506453.83161,4684173826.88514,7082751292.84686,9451044715.78474,13871087827.4732,0,6481213771.85705,8347613301.93304,17415158056.6781,6749881396.67733,16101374231.7528,16171360507.9048,8287471475.92342,7781170419.51789,9880815218.53802,6764827255.21203,16325724145.7086,9623407658.76052
DC.L.48.3,4871550144.43994,14486714995.7953,5213242442.22294,4511243204.25266,14948263006.1329,4040208413.15489,4723257081.64226,6857453693.58328,5159628216.46051,6991225327.31942,11290907366.4177,11640868189.7623,4794968653.38318,5342228378.10414,4482727734.18203,13219331342.1918,10126272236.4401,3293989981.60207,10409674229.7595,6910697308.0094,4748932671.3061,11952984424.6478,12959818979.5897,11770323999.0281,5603056041.62821,6165509582.20783,11583148354.2176,7023648074.52417,7307771094.3339,6859979639.67697,8250371052.14448,5757190686.38604,10246802196.5514,8185667466.05235,17691159166.8044,6481213771.85705,0,7671190643.29476,14122722409.166,4157116597.02404,11634900034.2091,11707448796.2506,8545995058.82126,5742037363.26707,6942193127.66005,10090596832.3158,11870323283.7961,9728199333.41418
CP.L.48.3,8296637070.60705,15545619616.1736,9068497312.35073,6955578940.91735,13650283413.4795,7432732263.19327,7805707585.85696,9398411557.38358,9202859458.87679,6863570837.37908,10846111286.1903,15042704473.5577,8321500021.8008,7641264668.03888,8837449398.5957,15444733409.2456,10905932155.2023,7471649195.66663,10072950267.1949,7564422681.02779,6762850139.99227,15335182978.706,13444750046.3377,15153889733.8881,7998404843.50893,9383849631.57901,8093383885.64196,8452614007.17031,8741872738.83402,8832049164.26515,9894921082.26851,8248955198.23356,10863550446.5752,9592816903.68382,17630499948.5349,8347613301.93304,7671190643.29476,0,16105028857.1109,7922448919.7866,15008996918.4608,15083505346.3901,10350618527.962,8478299039.69761,8365616672.1039,10705175488.2274,15236575793.388,9679446547.8531
DC.H.48.3,12392169237.6472,6409794055.66979,15321289351.5066,14604764874.0348,22738875187.4842,15034531396.7702,14830442438.2747,16979994188.7866,14826339111.6225,16346313259.856,20966120758.9271,13254532674.5102,14862107150.7434,13167835704.2489,13863756197.496,3785693784.14903,19658824057.5057,15050165938.2222,20107824593.9133,16564669768.0944,15546897398.5644,13550732845.5112,22143787498.6105,13411282131.3936,16167255450.227,12504102226.7047,20527913329.6688,17772538032.3897,17899801322.7177,17711781956.0151,18832341855.004,16350138553.6563,20004790513.7955,11519346626.6672,26378223318.2556,17415158056.6781,14122722409.166,16105028857.1109,0,14182760847.4523,13278536061.2243,13343360648.691,17679418737.7254,12663225154.517,11194143374.6942,18980107329.178,13477105017.1401,13267787578.7342
PR.H.48.2,5230955358.95788,14493039504.4316,5468202065.58755,5442817006.77397,15086188257.6498,4455450103.90092,4275283837.51423,7209649367.84376,5072247531.04054,7150206298.53791,11277256682.4922,11453537014.0276,5072046627.81411,5172090148.97421,5310407323.14222,13118031001.4405,10412392552.0888,4432654744.06164,11084401575.9518,7180115493.95694,4146161717.09566,11745886644.0437,13091471304.8563,11569622013.0606,4981204199.21981,5437962577.53375,11916650158.1733,7961617095.28143,6780519374.81209,7435061239.23062,9302770120.34078,7071247848.95396,11427099211.4037,7926671857.73537,18611268634.4294,6749881396.67733,4157116597.02404,7922448919.7866,14182760847.4523,0,11418528420.3172,11460544065.5894,8088512529.80581,5711999886.35587,6589219693.0163,10937917572.8997,11657539335.4697,9624429363.9866
CP.H.48.2,11914424485.7546,13819265141.3973,14406794826.6943,12835381717.0411,24745129824.2953,12111519158.1772,12190187723.5057,16453417908.9961,12872970845.4825,13237192116.6239,21225477243.1368,920302275.525643,12241771583.005,13459159377.873,11028325435.8052,11093879275.8802,20415463652.2043,12447537379.761,20563381877.1255,15910128665.5363,13699160872.9964,1567900531.56806,23185512154.6512,680669866.024249,14243902281.5262,9234526517.67114,20496506261.9848,17514929937.4267,17018890908.4223,16911781988.8083,18352528292.0603,15992888206.4459,20685711285.1756,14784347631.7336,28024747399.0296,16101374231.7528,11634900034.2091,15008996918.4608,13278536061.2243,11418528420.3172,0,1105083854.88906,17983219580.3399,13591863230.5982,11931051578.8446,20197349663.0722,891096080.266124,17098796757.3785
CP.M.48.3,11989059096.5154,13885477621.7252,14495224730.5557,12891810788.8393,24783388290.0392,12163663842.3168,12236489656.3759,16509772168.178,12946113220.6452,13269274083.644,21282873410.2975,1172181533.15122,12317291783.3132,13538938083.6194,11095199705.7078,11174299813.6166,20459708551.662,12490824650.6292,20587331877.1648,15974234370.4396,13731649418.0768,1906635214.64266,23218405917.5598,1444241738.61209,14274806362.2127,9299995585.35302,20573032500.9001,17561899382.0579,17067913587.173,16923489719.0988,18391689832.2533,16060702490.8369,20736563654.4736,14835587024.2846,28002996618.4567,16171360507.9048,11707448796.2506,15083505346.3901,13343360648.691,11460544065.5894,1105083854.88906,0,18032251701.8397,13687984107.7791,11984876543.9185,20245072357.0966,1027627895.40734,17168017419.3678
PR.H.48.3,8151957368.56205,17730978858.2396,6679477212.5823,9362545145.89968,11307854018.4291,9324642152.75419,8566617489.23405,6774264600.84039,7603748993.2051,11221286357.2818,8497386937.58961,17982436327.8876,7919184459.9433,7407677060.55428,9780972900.74576,17526381225.1204,7677383137.37689,8942459388.90779,8545555532.47775,7899447848.15987,6966405662.86463,18310438584.0825,9771589103.68706,18136154684.1711,7873880306.06328,10415803442.3735,11642274558.177,8124626271.8625,6661748983.77458,6905259327.12231,7270372327.28356,7356168870.04082,9288074670.55861,9473465495.35181,14416069614.5559,8287471475.92342,8545995058.82126,10350618527.962,17679418737.7254,8088512529.80581,17983219580.3399,18032251701.8397,0,7057949833.45344,9842799788.29826,8932348235.8229,18251996541.9278,9735068885.05911
DC.M.48.3,3423597194.17538,12852245544.0363,4822183596.76301,6667771261.9057,13576515173.5841,6879287458.87241,6278147109.39234,6734829560.09976,4885919901.66135,9056496754.35345,10702421070.4548,13582828022.946,5728409629.68035,3463167245.19961,6557272139.16184,12466859404.8232,9386759049.84201,6729263186.02513,10204203158.0164,7123356519.73654,5850532324.79965,13951675402.2225,12112733200.1828,13742122650.1523,6732899486.25809,6765184275.95693,11947783465.9814,8227278059.98476,7276476251.73514,7709361539.25583,9044960577.56598,6447017142.84467,10610129356.9397,5931609215.69606,17293903915.3334,7781170419.51789,5742037363.26707,8478299039.69761,12663225154.517,5711999886.35587,13591863230.5982,13687984107.7791,7057949833.45344,0,6027028690.06732,9809494255.21249,13888496197.4214,7467347048.17454
AZ.H.48.3,5468614906.63885,10678973058.8061,7419353730.19417,7047674149.7527,15335132221.6725,7774157758.4343,6514886704.3768,9608299970.84685,7131702926.46358,9789171954.83487,12815273027.2878,11906650467.9734,6584914823.14655,5825909976.68641,7652602155.25183,10639680424.0553,12461812551.9847,7948801461.86201,11995771096.0883,8212817565.89785,6945143010.32004,12301154319.8294,15180095818.3797,12078736616.3341,8218952198.52802,5362439235.521,13890121597.7855,10562818448.69,10149726023.2015,9916871331.43054,11091379149.0854,9278066694.02986,12809056067.6556,5846870314.44077,19823131676.6415,9880815218.53802,6942193127.66005,8365616672.1039,11194143374.6942,6589219693.0163,11931051578.8446,11984876543.9185,9842799788.29826,6027028690.06732,0,12362342910.9201,12224439956.5965,7846873133.68828
NC.1D.48.3,10933365672.2625,19143090429.5926,8914932935.48235,8804236500.63206,9948479142.75995,9830020897.74806,10733445139.9659,7387541907.53043,10755909456.2053,11825735479.2232,7660581489.74845,20208718416.3799,11155975234.5663,9419944532.53901,10639026384.8143,18999064985.9002,6605525323.41805,9359238035.6272,6558552964.62944,8154284820.43976,9215198272.23307,20485522399.0684,7997578418.63962,20339908606.3904,9400396538.32728,13455495300.2499,9871875477.46,5458931044.86561,7277862654.68564,6011710781.37274,6599157451.14592,6273555972.42448,4854159282.75624,10555316431.6735,10902724917.81,6764827255.21203,10090596832.3158,10705175488.2274,18980107329.178,10937917572.8997,20197349663.0722,20245072357.0966,8932348235.8229,9809494255.21249,12362342910.9201,0,20412342352.7123,9379428978.51368
CP.H.48.1,12214285275.3072,14014845592.7969,14691348162.407,13076667533.6122,24970750597.8813,12333469620.1499,12453876266.3279,16682488520.2362,13151835590.8865,13405431924.1838,21444714312.4205,1117814942.35941,12517201905.117,13743168206.6207,11259801079.212,11276185377.3095,20640839589.276,12657372343.1599,20796995655.2878,16156259742.4132,13941449040.2388,1602045365.86336,23400990851.9182,973463864.781327,14479874157.6472,9533836406.70051,20718395337.9685,17714035926.4234,17250142185.9947,17126110594.8509,18564551253.1624,16232026975.9911,20921144579.8414,15050152771.5694,28221699117.508,16325724145.7086,11870323283.7961,15236575793.388,13477105017.1401,11657539335.4697,891096080.266124,1027627895.40734,18251996541.9278,13888496197.4214,12224439956.5965,20412342352.7123,0,17366941885.3804
AZ.M.48.3,8634696022.76273,13589936705.7176,9132764334.72283,8699830359.29589,13118943709.9089,9924137874.33213,9420714213.05429,9413288969.2628,10286648802.5596,11058755736.1555,11367261777.5665,17104212312.4801,10700111900.4877,6782452926.40645,9862291437.28892,13602258391.9696,9904875773.09001,9966440608.97796,11136030284.1677,9132403591.60579,9162061834.53035,17428067534.3476,12505876559.2378,17252520034.9708,9439862520.19738,10514598678.1954,11779760747.0316,9377178681.4348,9546305377.86324,9665110200.33369,11104239988.8276,8972811203.31273,10332011015.9542,5354584143.93547,16402705420.648,9623407658.76052,9728199333.41418,9679446547.8531,13267787578.7342,9624429363.9866,17098796757.3785,17168017419.3678,9735068885.05911,7467347048.17454,7846873133.68828,9379428978.51368,17366941885.3804,0
