,DC.M.48.1,DC.H.48.1,NZ.H.48.1,AZ.M.48.1,NZ.M.48.3,AZ.L.48.1,AZ.M.48.2,PR.L.48.1,NZ.H.48.2,CP.L.48.1,NZ.L.48.3,CP.H.48.3,NZ.H.48.3,DC.M.48.2,NC.1D.48.1,DC.H.48.2,PR.L.48.3,PR.M.48.1,DC.L.48.1,PR.M.48.2,PR.H.48.1,CP.M.48.1,NC.1D.48.2,CP.M.48.2,AZ.L.48.2,AZ.H.48.1,CP.L.48.2,PR.L.48.2,PR.M.48.3,NZ.M.48.2,NZ.L.48.1,DC.L.48.2,AZ.L.48.3,AZ.H.48.2,NZ.M.48.1,NZ.L.48.2,DC.L.48.3,CP.L.48.3,DC.H.48.3,PR.H.48.2,CP.H.48.2,CP.M.48.3,PR.H.48.3,DC.M.48.3,AZ.H.48.3,NC.1D.48.3,CP.H.48.1,AZ.M.48.3
DC.M.48.1,0,0.463541666666667,0.263627353815659,0.296333002973241,0.299004975124378,0.295581513458608,0.298838970217062,0.257113821138211,0.26078334159643,0.528107271789582,0.312843578210895,0.658523908523909,0.264310602289696,0.213640922768305,0.297655453618756,0.513744075829384,0.308350100603622,0.302290076335878,0.287759131293189,0.281075596144089,0.262140733399405,0.687730384412849,0.304524656837824,0.646443514644351,0.291854072963518,0.331024245423058,0.505840528186897,0.310590631364562,0.303535353535354,0.328773815339521,0.338757396449704,0.309319899244333,0.325831702544031,0.323950617283951,0.350930115635998,0.301113360323887,0.298721227621483,0.484879548949257,0.47448736289938,0.312843578210895,0.681508643268727,0.687106918238994,0.315128081198647,0.233466933867735,0.318697582634435,0.331505483549352,0.742004264392324,0.307389162561576
DC.H.48.1,0.463541666666667,0,0.512999071494893,0.515380974917179,0.524372929484146,0.538976566236251,0.528057553956835,0.530295913574448,0.522119815668203,0.646341463414634,0.550895381715363,0.611449451887942,0.520891364902507,0.493764434180139,0.543144774688399,0.29319686935581,0.540514775977121,0.565689981096408,0.526511627906977,0.550023485204321,0.538742023701003,0.655828220858896,0.560037968675842,0.619794809897405,0.543457943925234,0.507288629737609,0.625910509885536,0.55507662835249,0.537541846006695,0.550859266140269,0.557592853784673,0.550759013282732,0.529910504003768,0.486049926578561,0.558083252662149,0.562558795860771,0.54916067146283,0.621495327102804,0.280118694362018,0.558368495077356,0.649603900060938,0.638665843113033,0.544997715851987,0.473011363636364,0.490281827016521,0.538387715930902,0.696010132995567,0.499281953087602
NZ.H.48.1,0.263627353815659,0.512999071494893,0,0.290030211480363,0.25387797311272,0.299640841457158,0.288946015424165,0.269662921348315,0.227109974424552,0.536179073399271,0.259916492693111,0.683091286307054,0.207596253902185,0.289601554907677,0.288531395952257,0.554880896777207,0.273908523908524,0.299432111512648,0.238951695786228,0.28145865434001,0.279543197616683,0.70026525198939,0.263185654008439,0.667713239141811,0.296670030272452,0.32191435768262,0.523421588594705,0.310469314079422,0.256962690488702,0.295156407669021,0.287699433865157,0.292632663575477,0.263103802672148,0.342235410484669,0.306485355648536,0.3,0.293139293139293,0.504874294510005,0.525455394675385,0.300713557594292,0.696682464454976,0.705047318611987,0.284005979073244,0.232369355657027,0.335311572700297,0.284898806434873,0.755102040816326,0.32807881773399
AZ.M.48.1,0.296333002973241,0.515380974917179,0.290030211480363,0,0.309851965288412,0.247166756610901,0.263045793397231,0.282316442605998,0.292315419387243,0.49781181619256,0.304979253112033,0.667564655172414,0.311344327836082,0.289252105002476,0.293558606124604,0.549113560134164,0.316088980858769,0.292966684294024,0.293042153377349,0.285415577626764,0.292817679558011,0.692982456140351,0.299789251844046,0.651441000543774,0.272442588726514,0.304776739356179,0.469762419006479,0.29073482428115,0.305005213764338,0.333501006036217,0.342987804878049,0.311850311850312,0.299640841457158,0.283176593521421,0.345331246739697,0.29627687467226,0.312532773990561,0.4638619201726,0.543355325164939,0.303219106957425,0.679276315789474,0.695865070729053,0.342492639842983,0.308758040573973,0.28125,0.339825730394669,0.73625140291807,0.2684703433923
NZ.M.48.3,0.299004975124378,0.524372929484146,0.25387797311272,0.309851965288412,0,0.310308738880167,0.327488396080454,0.274294670846395,0.284627092846271,0.522751895991333,0.253225806451613,0.686295503211991,0.285714285714286,0.300346363186541,0.291866028708134,0.565092989985694,0.254584681769148,0.305702217529039,0.241977906365071,0.291775798847564,0.304064224786754,0.699119911991199,0.264069264069264,0.668290043290043,0.318344404701073,0.354789660415611,0.500266382525306,0.29084092126406,0.267952840300107,0.261741424802111,0.258861439312567,0.290629962943356,0.245473908413206,0.359939759036145,0.254152823920266,0.295514511873351,0.302016985138004,0.502382212811011,0.543385490753912,0.320062047569804,0.703904555314534,0.712506767731456,0.272119341563786,0.274619289340101,0.356212424849699,0.232711306256861,0.751816657350475,0.335513078470825
AZ.L.48.1,0.295581513458608,0.538976566236251,0.299640841457158,0.247166756610901,0.310308738880167,0,0.253706754530478,0.252427184466019,0.296714579055441,0.485503126776578,0.295345104333868,0.655986509274874,0.281021897810219,0.273425499231951,0.255813953488372,0.568513119533528,0.29957127545552,0.260917634051962,0.295738045738046,0.244785949506037,0.276883116883117,0.680045871559633,0.297238765565782,0.645197740112994,0.221487603305785,0.337859007832898,0.468558708959377,0.276584022038567,0.294402583423036,0.315432742440042,0.32331223628692,0.284940411700975,0.300736067297581,0.337311883757135,0.324295010845987,0.247371333702269,0.292868807838868,0.469286109573879,0.550578034682081,0.272234273318872,0.671045117075957,0.682413204325555,0.32520325203252,0.315151515151515,0.33952528379773,0.330512956107879,0.727272727272727,0.312889812889813
AZ.M.48.2,0.298838970217062,0.528057553956835,0.288946015424165,0.263045793397231,0.327488396080454,0.253706754530478,0,0.278306878306878,0.278036175710594,0.508077994428969,0.302387267904509,0.657174762702401,0.283566614826335,0.312063808574277,0.319702602230483,0.571428571428572,0.308386411889597,0.295577130528587,0.30694087403599,0.298728813559322,0.290918419702412,0.685584562996595,0.30343716433942,0.648739495798319,0.243770314192849,0.311146328578975,0.488524590163934,0.319786096256685,0.297860962566845,0.305483028720627,0.330020920502092,0.332459360251704,0.302301255230126,0.319582245430809,0.348936170212766,0.307078233102714,0.31640833778728,0.479212253829322,0.550119904076739,0.309561542525092,0.675904977375566,0.684180790960452,0.340852130325815,0.318273092369478,0.319292771710868,0.338920900995285,0.733178654292343,0.321318228630278
PR.L.48.1,0.257113821138211,0.530295913574448,0.269662921348315,0.282316442605998,0.274294670846395,0.252427184466019,0.278306878306878,0,0.268504338948443,0.511147362697118,0.253883235136583,0.676154672395274,0.264160659114315,0.253421186011151,0.236323851203501,0.557784145176695,0.263636363636364,0.245231607629428,0.269865841073271,0.202197802197802,0.252061855670103,0.697368421052632,0.242903930131004,0.668820678513732,0.252910052910053,0.364138623807132,0.490384615384615,0.242590559824369,0.262057877813505,0.300771208226221,0.302192066805846,0.24008690928843,0.294117647058824,0.32669729453803,0.296176628971459,0.236670293797606,0.268608414239482,0.491768454593733,0.536782154722354,0.284210526315789,0.700054141851651,0.707251082251082,0.305681246857717,0.288152610441767,0.34572864321608,0.301261829652997,0.748466257668712,0.311291963377416
NZ.H.48.2,0.26078334159643,0.522119815668203,0.227109974424552,0.292315419387243,0.284627092846271,0.296714579055441,0.278036175710594,0.268504338948443,0,0.526425954997384,0.274043433298862,0.674139728884254,0.204580947423217,0.273395394414503,0.311860940695297,0.560408921933085,0.284313725490196,0.316488004083716,0.248596222562532,0.299492385786802,0.273270283723245,0.699523052464229,0.300515463917526,0.663522012578616,0.296370967741935,0.317356205852674,0.502320783909232,0.324821246169561,0.256692913385827,0.287088607594937,0.291794871794872,0.318297009630005,0.289180990899899,0.350859950859951,0.325413223140496,0.298821117375705,0.32073544433095,0.491989664082687,0.535217794253939,0.302999491611591,0.695263157894737,0.702944269190326,0.277722277722278,0.25250501002004,0.343980343980344,0.310872894333844,0.750941366325982,0.341630063445583
CP.L.48.1,0.528107271789582,0.646341463414634,0.536179073399271,0.49781181619256,0.522751895991333,0.485503126776578,0.508077994428969,0.511147362697118,0.526425954997384,0,0.51219512195122,0.665017667844523,0.527397260273973,0.528205128205128,0.498014747589336,0.671016856987493,0.507821229050279,0.509582863585118,0.519722814498934,0.50471436494731,0.533854166666667,0.682284040995608,0.504244482173175,0.65531914893617,0.508752735229759,0.513858093126386,0.327137546468402,0.511337868480726,0.508389261744966,0.529633620689655,0.529928610653487,0.505888951205833,0.523526230394808,0.533912099837222,0.516905444126075,0.506165919282511,0.513544018058691,0.358230601885424,0.6636460554371,0.513019390581717,0.678493845039826,0.682412790697674,0.559051057246003,0.543679342240493,0.523110386079391,0.522537562604341,0.715935334872979,0.521551724137931
NZ.L.48.3,0.312843578210895,0.550895381715363,0.259916492693111,0.304979253112033,0.253225806451613,0.295345104333868,0.302387267904509,0.253883235136583,0.274043433298862,0.51219512195122,0,0.685387131952018,0.268789144050104,0.309915296462382,0.282773564463705,0.575408261287224,0.199097574732092,0.271834061135371,0.243343982960596,0.268961807423346,0.285200411099692,0.702793296089385,0.210853589598643,0.672158154859967,0.299476439790576,0.358277806253203,0.503239740820734,0.271279516749039,0.231281198003328,0.27989417989418,0.284718498659517,0.284329563812601,0.263747997864389,0.351738241308793,0.279867256637168,0.26226826608506,0.297734627831715,0.504562533548041,0.557619047619048,0.291955247735748,0.703314917127072,0.712789415656009,0.291602266872746,0.294715447154472,0.358012170385396,0.261083743842365,0.751425313568985,0.340447154471545
CP.H.48.3,0.658523908523909,0.611449451887942,0.683091286307054,0.667564655172414,0.686295503211991,0.655986509274874,0.657174762702401,0.676154672395274,0.674139728884254,0.665017667844523,0.685387131952018,0,0.671932596103212,0.67093142272262,0.652099886492622,0.614550095724314,0.682417582417582,0.679108635097493,0.685564304461942,0.671600877192982,0.665616797900263,0.394321766561514,0.689883913764511,0.337090163934426,0.666847826086956,0.667404537908135,0.681120747164777,0.688405797101449,0.67953667953668,0.681696188942566,0.683461117196057,0.682644628099173,0.683985002678093,0.684182015167931,0.688385269121813,0.675526024363234,0.671356218345526,0.684071381361533,0.627764127764128,0.676002196595277,0.40983606557377,0.389121338912134,0.680104712041885,0.66961038961039,0.666484716157205,0.687603305785124,0.465346534653465,0.680021367521368
NZ.H.48.3,0.264310602289696,0.520891364902507,0.207596253902185,0.311344327836082,0.285714285714286,0.281021897810219,0.283566614826335,0.264160659114315,0.204580947423217,0.527397260273973,0.268789144050104,0.671932596103212,0,0.290385553928746,0.3,0.564832089552239,0.26925091671032,0.295891835673427,0.227650727650728,0.284020618556701,0.271679197994988,0.69544235924933,0.284816753926702,0.661904761904762,0.272119341563786,0.311767702496179,0.513151108818979,0.320103092783505,0.264071541294056,0.268795056642636,0.273343766301513,0.307494866529774,0.270951156812339,0.359567142154452,0.317136886102403,0.29296066252588,0.301092043681747,0.499741066804764,0.542246982358403,0.304192229038855,0.692553191489362,0.699627857522594,0.268317331985851,0.255158530447911,0.346172839506173,0.315573770491803,0.748776508972267,0.345418912297893
DC.M.48.2,0.213640922768305,0.493764434180139,0.289601554907677,0.289252105002476,0.300346363186541,0.273425499231951,0.312063808574277,0.253421186011151,0.273395394414503,0.528205128205128,0.309915296462382,0.67093142272262,0.290385553928746,0,0.269210933470861,0.520882214922572,0.307961942914372,0.277492291880781,0.28494094488189,0.252566735112936,0.248135256091497,0.69578783151326,0.305007587253414,0.661182519280206,0.272635814889336,0.337910740559098,0.489274770173647,0.284979423868313,0.293731041456016,0.327493917274939,0.336609336609337,0.266323907455013,0.322926829268293,0.315217391304348,0.343718592964824,0.271143003587904,0.279979413278435,0.482124616956078,0.485633537447009,0.292044310171198,0.695002575991757,0.70118495620814,0.31391429947039,0.249134948096886,0.304950495049505,0.32185628742515,0.749473684210526,0.291934685799109
NC.1D.48.1,0.297655453618756,0.543144774688399,0.288531395952257,0.293558606124604,0.291866028708134,0.255813953488372,0.319702602230483,0.236323851203501,0.311860940695297,0.498014747589336,0.282773564463705,0.652099886492622,0.3,0.269210933470861,0,0.558780127889818,0.281437125748503,0.251396648044693,0.298748696558916,0.229271007234279,0.269916142557652,0.674013921113689,0.27603305785124,0.643507972665148,0.274046211714132,0.383358856559469,0.485888212506918,0.256582633053221,0.293831168831169,0.324648254299114,0.317553191489362,0.234304932735426,0.312696747114376,0.349041947177628,0.315616438356164,0.256225788599889,0.252100840336134,0.49480021893815,0.539287457296242,0.279978296256104,0.667243367935409,0.684782608695652,0.337557019766853,0.313864906043677,0.351184346035015,0.302162162162162,0.729952830188679,0.329022245214692
DC.H.48.2,0.513744075829384,0.29319686935581,0.554880896777207,0.549113560134164,0.565092989985694,0.568513119533528,0.571428571428572,0.557784145176695,0.560408921933085,0.671016856987493,0.575408261287224,0.614550095724314,0.564832089552239,0.520882214922572,0.558780127889818,0,0.565808644973288,0.574074074074074,0.56586966713549,0.574437529918621,0.558864588180549,0.64629388816645,0.577334630350194,0.621518987341772,0.575082899099953,0.551808406647116,0.654622741764081,0.57799511002445,0.564963503649635,0.587048334115439,0.594299287410926,0.564327485380117,0.571834992887624,0.516898608349901,0.582716049382716,0.577015934331241,0.569887199607651,0.649336870026525,0.224697644812222,0.564375605033882,0.647625160462131,0.63961038961039,0.581834946980175,0.519011406844106,0.514370664023786,0.567317073170732,0.690396239086635,0.515939185875429
PR.L.48.3,0.308350100603622,0.540514775977121,0.273908523908524,0.316088980858769,0.254584681769148,0.29957127545552,0.308386411889597,0.263636363636364,0.284313725490196,0.507821229050279,0.199097574732092,0.682417582417582,0.26925091671032,0.307961942914372,0.281437125748503,0.565808644973288,0,0.284548422198041,0.248400852878465,0.265692640692641,0.299744245524297,0.707166853303472,0.220214568040655,0.677117711771177,0.311586638830898,0.358208955223881,0.497276688453159,0.277472527472527,0.218732473359506,0.278575225943647,0.28617536309844,0.293168370091447,0.276210750399148,0.349100257069409,0.282307265668331,0.281537628586898,0.311123052122515,0.49457111834962,0.55347721822542,0.303400637619554,0.709070796460177,0.712860310421286,0.296544610624033,0.286519733470015,0.35375191424196,0.25962596259626,0.757420091324201,0.34030612244898
PR.M.48.1,0.302290076335878,0.565689981096408,0.299432111512648,0.292966684294024,0.305702217529039,0.260917634051962,0.295577130528587,0.245231607629428,0.316488004083716,0.509582863585118,0.271834061135371,0.679108635097493,0.295891835673427,0.277492291880781,0.251396648044693,0.574074074074074,0.284548422198041,0,0.295502092050209,0.234444444444444,0.267472411981083,0.696744717304397,0.269656699889258,0.664795058955643,0.266882766072393,0.373778920308483,0.498075865860363,0.247038917089678,0.280174767886401,0.314435695538058,0.308886509635974,0.269526952695269,0.320961840041819,0.339071465832029,0.320568927789934,0.240916713247624,0.268888888888889,0.498633132859486,0.556038647342995,0.270890223921354,0.698081264108352,0.706313416009019,0.33112582781457,0.32355915065723,0.348140495867769,0.316156736446592,0.746355685131195,0.32763089683774
DC.L.48.1,0.287759131293189,0.526511627906977,0.238951695786228,0.293042153377349,0.241977906365071,0.295738045738046,0.30694087403599,0.269865841073271,0.248596222562532,0.519722814498934,0.243343982960596,0.685564304461942,0.227650727650728,0.28494094488189,0.298748696558916,0.56586966713549,0.248400852878465,0.295502092050209,0,0.283566614826335,0.284142071035518,0.703007518796993,0.260544580886279,0.674934036939314,0.302337398373984,0.333670374115268,0.499214248297538,0.304916317991632,0.245857830037413,0.260145681581686,0.26462836056932,0.297507788161994,0.240399789584429,0.349751243781095,0.279806659505908,0.296988577362409,0.313959522573949,0.499739447628973,0.537704918032787,0.305598356445814,0.697972251867663,0.711252653927813,0.266903914590747,0.249238578680203,0.343610144206862,0.264331210191083,0.75109409190372,0.332174776564052
PR.M.48.2,0.281075596144089,0.550023485204321,0.28145865434001,0.285415577626764,0.291775798847564,0.244785949506037,0.298728813559322,0.202197802197802,0.299492385786802,0.50471436494731,0.268961807423346,0.671600877192982,0.284020618556701,0.252566735112936,0.229271007234279,0.574437529918621,0.265692640692641,0.234444444444444,0.283566614826335,0,0.251174934725849,0.699721448467967,0.258223684210526,0.667032364234778,0.260405549626467,0.376262626262626,0.483660130718954,0.236607142857143,0.26691932864104,0.315436241610738,0.310889005786428,0.215401785714286,0.31055900621118,0.34560327198364,0.315164597949271,0.227700831024931,0.263157894736842,0.485110990795885,0.544976076555024,0.277301927194861,0.693798449612403,0.704030922142463,0.32173474533535,0.29984856133266,0.345213849287169,0.307324840764331,0.750283768444949,0.319835981547924
PR.H.48.1,0.262140733399405,0.538742023701003,0.279543197616683,0.292817679558011,0.304064224786754,0.276883116883117,0.290918419702412,0.252061855670103,0.273270283723245,0.533854166666667,0.285200411099692,0.665616797900263,0.271679197994988,0.248135256091497,0.269916142557652,0.558864588180549,0.299744245524297,0.267472411981083,0.284142071035518,0.251174934725849,0,0.694518360830229,0.301906233900052,0.655590717299578,0.2573491490459,0.350321622958931,0.508988186954289,0.275118358758548,0.285123966942149,0.308154077038519,0.312214901165737,0.275091003640146,0.307653826913457,0.332504970178926,0.332818930041152,0.255520504731861,0.285341679707877,0.504869297796002,0.537714021286442,0.25104821802935,0.685411140583554,0.695238095238095,0.285074626865672,0.299024390243902,0.312969454181272,0.327603640040445,0.747436589314625,0.320810677212061
CP.M.48.1,0.687730384412849,0.655828220858896,0.70026525198939,0.692982456140351,0.699119911991199,0.680045871559633,0.685584562996595,0.697368421052632,0.699523052464229,0.682284040995608,0.702793296089385,0.394321766561514,0.69544235924933,0.69578783151326,0.674013921113689,0.64629388816645,0.707166853303472,0.696744717304397,0.703007518796993,0.699721448467967,0.694518360830229,0,0.70176437108708,0.410362694300518,0.681539319576129,0.683881952326901,0.69432918395574,0.706285714285714,0.694790486976217,0.7058501913614,0.703081232492997,0.705286839145107,0.698185816382628,0.700721821210439,0.702797202797203,0.696661007357102,0.689734717416378,0.699042407660739,0.651791326209931,0.700615556799105,0.358024691358025,0.351136363636364,0.700854700854701,0.694825765575502,0.687848383500557,0.707440811724915,0.39360393603936,0.700490998363339
NC.1D.48.2,0.304524656837824,0.560037968675842,0.263185654008439,0.299789251844046,0.264069264069264,0.297238765565782,0.30343716433942,0.242903930131004,0.300515463917526,0.504244482173175,0.210853589598643,0.689883913764511,0.284816753926702,0.305007587253414,0.27603305785124,0.577334630350194,0.220214568040655,0.269656699889258,0.260544580886279,0.258223684210526,0.301906233900052,0.70176437108708,0,0.677239844184752,0.294148936170213,0.37178166838311,0.486141906873614,0.265214963707426,0.2334455667789,0.309636650868878,0.302150537634409,0.272926963207029,0.286552828175027,0.353336782203828,0.28643216080402,0.270478284771853,0.302452316076294,0.494240263302249,0.560693641618497,0.298387096774194,0.703766160764474,0.719151312116136,0.310985043837029,0.291237113402062,0.357142857142857,0.27122381477398,0.753480278422274,0.328149300155521
CP.M.48.2,0.646443514644351,0.619794809897405,0.667713239141811,0.651441000543774,0.668290043290043,0.645197740112994,0.648739495798319,0.668820678513732,0.663522012578616,0.65531914893617,0.672158154859967,0.337090163934426,0.661904761904762,0.661182519280206,0.643507972665148,0.621518987341772,0.677117711771177,0.664795058955643,0.674934036939314,0.667032364234778,0.655590717299578,0.410362694300518,0.677239844184752,0,0.649093904448105,0.653095370886782,0.67113194909578,0.673412029229905,0.666851749028318,0.668648648648649,0.665744327614831,0.677330391616106,0.668108108108108,0.668124658283215,0.674657534246575,0.664997217584864,0.659875495189587,0.666221628838451,0.627679118187385,0.668502202643172,0.394438722966014,0.366420274551214,0.668773038441285,0.666666666666667,0.647902869757174,0.681567328918322,0.471101417666303,0.664870689655172
AZ.L.48.2,0.291854072963518,0.543457943925234,0.296670030272452,0.272442588726514,0.318344404701073,0.221487603305785,0.243770314192849,0.252910052910053,0.296370967741935,0.508752735229759,0.299476439790576,0.666847826086956,0.272119341563786,0.272635814889336,0.274046211714132,0.575082899099953,0.311586638830898,0.266882766072393,0.302337398373984,0.260405549626467,0.2573491490459,0.681539319576129,0.294148936170213,0.649093904448105,0,0.343542623787647,0.483836206896552,0.276607239330092,0.288665254237288,0.30694087403599,0.313735691987513,0.282978723404255,0.30030959752322,0.346329113924051,0.335797254487856,0.232621784345922,0.286173633440514,0.48689138576779,0.550731477111845,0.287822878228782,0.678650442477876,0.685287610619469,0.325187032418953,0.323630981746423,0.326530612244898,0.333850931677019,0.733257661748014,0.306195596518177
AZ.H.48.1,0.331024245423058,0.507288629737609,0.32191435768262,0.304776739356179,0.354789660415611,0.337859007832898,0.311146328578975,0.364138623807132,0.317356205852674,0.513858093126386,0.358277806253203,0.667404537908135,0.311767702496179,0.337910740559098,0.383358856559469,0.551808406647116,0.358208955223881,0.373778920308483,0.333670374115268,0.376262626262626,0.350321622958931,0.683881952326901,0.37178166838311,0.653095370886782,0.343542623787647,0,0.486885245901639,0.373836608066184,0.344074844074844,0.337768679631525,0.353426069036579,0.390798786653185,0.327843540916109,0.313612565445026,0.3792383933229,0.373850868232891,0.368012422360249,0.477571115973742,0.536042573778423,0.348117586384734,0.686834733893557,0.687675858187957,0.330982367758186,0.322661330665333,0.270053475935829,0.375639713408393,0.735106998264893,0.352020202020202
CP.L.48.2,0.505840528186897,0.625910509885536,0.523421588594705,0.469762419006479,0.500266382525306,0.468558708959377,0.488524590163934,0.490384615384615,0.502320783909232,0.327137546468402,0.503239740820734,0.681120747164777,0.513151108818979,0.489274770173647,0.485888212506918,0.654622741764081,0.497276688453159,0.498075865860363,0.499214248297538,0.483660130718954,0.508988186954289,0.69432918395574,0.486141906873614,0.67113194909578,0.483836206896552,0.486885245901639,0,0.477846326416153,0.49617903930131,0.51814834297738,0.522180652057723,0.481236203090508,0.503451938396176,0.500806018269747,0.510851419031719,0.493158182813355,0.501926252063841,0.25648628613788,0.645615866388309,0.496746203904555,0.680689655172414,0.695264241592313,0.540759493670886,0.50460593654043,0.495708154506438,0.502729257641921,0.726613488034808,0.478237506716819
PR.L.48.2,0.310590631364562,0.55507662835249,0.310469314079422,0.29073482428115,0.29084092126406,0.276584022038567,0.319786096256685,0.242590559824369,0.324821246169561,0.511337868480726,0.271279516749039,0.688405797101449,0.320103092783505,0.284979423868313,0.256582633053221,0.57799511002445,0.277472527472527,0.247038917089678,0.304916317991632,0.236607142857143,0.275118358758548,0.706285714285714,0.265214963707426,0.673412029229905,0.276607239330092,0.373836608066184,0.477846326416153,0,0.281558726673985,0.330893883951908,0.322115384615385,0.247619047619048,0.319831667543398,0.340670859538784,0.30726566833056,0.235194585448393,0.268306316377865,0.490315439955728,0.559864275327193,0.273176083379046,0.695726495726496,0.711375212224109,0.34703196347032,0.319062181447503,0.348909657320872,0.314964883846569,0.747356051703878,0.336099585062241
PR.M.48.3,0.303535353535354,0.537541846006695,0.256962690488702,0.305005213764338,0.267952840300107,0.294402583423036,0.297860962566845,0.262057877813505,0.256692913385827,0.508389261744966,0.231281198003328,0.67953667953668,0.264071541294056,0.293731041456016,0.293831168831169,0.564963503649635,0.218732473359506,0.280174767886401,0.245857830037413,0.26691932864104,0.285123966942149,0.694790486976217,0.2334455667789,0.666851749028318,0.288665254237288,0.344074844074844,0.49617903930131,0.281558726673985,0,0.280701754385965,0.280929227444625,0.29898013955985,0.262620837808808,0.354540790148794,0.288323187603763,0.282773564463705,0.314178302900107,0.498373101952278,0.545630130371801,0.301916932907348,0.697596422582448,0.702127659574468,0.296850800206505,0.276200309757357,0.356632653061224,0.267543859649123,0.749712313003452,0.325257731958763
NZ.M.48.2,0.328773815339521,0.550859266140269,0.295156407669021,0.333501006036217,0.261741424802111,0.315432742440042,0.305483028720627,0.300771208226221,0.287088607594937,0.529633620689655,0.27989417989418,0.681696188942566,0.268795056642636,0.327493917274939,0.324648254299114,0.587048334115439,0.278575225943647,0.314435695538058,0.260145681581686,0.315436241610738,0.308154077038519,0.7058501913614,0.309636650868878,0.668648648648649,0.30694087403599,0.337768679631525,0.51814834297738,0.330893883951908,0.280701754385965,0,0.207734806629834,0.326773692387364,0.250928381962865,0.371200797209766,0.262665198237885,0.306966998428497,0.331074035453597,0.524752475247525,0.56422232601588,0.318158303155717,0.704926908500271,0.710027100271003,0.240314136125654,0.308801591248135,0.356034051076615,0.277926242650989,0.753485778025655,0.360891089108911
NZ.L.48.1,0.338757396449704,0.557592853784673,0.287699433865157,0.342987804878049,0.258861439312567,0.32331223628692,0.330020920502092,0.302192066805846,0.291794871794872,0.529928610653487,0.284718498659517,0.683461117196057,0.273343766301513,0.336609336609337,0.317553191489362,0.594299287410926,0.28617536309844,0.308886509635974,0.26462836056932,0.310889005786428,0.312214901165737,0.703081232492997,0.302150537634409,0.665744327614831,0.313735691987513,0.353426069036579,0.522180652057723,0.322115384615385,0.280929227444625,0.207734806629834,0,0.324196099103848,0.257250268528464,0.387468671679198,0.254780652418448,0.310308182784272,0.318739989321943,0.520234291799787,0.5765426283561,0.323375262054507,0.698553948832036,0.711676812396237,0.247351694915254,0.316239316239316,0.372292191435768,0.26775956284153,0.751858204688393,0.378606965174129
DC.L.48.2,0.309319899244333,0.550759013282732,0.292632663575477,0.311850311850312,0.290629962943356,0.284940411700975,0.332459360251704,0.24008690928843,0.318297009630005,0.505888951205833,0.284329563812601,0.682644628099173,0.307494866529774,0.266323907455013,0.234304932735426,0.564327485380117,0.293168370091447,0.269526952695269,0.297507788161994,0.215401785714286,0.275091003640146,0.705286839145107,0.272926963207029,0.677330391616106,0.282978723404255,0.390798786653185,0.481236203090508,0.247619047619048,0.29898013955985,0.326773692387364,0.324196099103848,0,0.316666666666667,0.348453608247423,0.322475570032573,0.245429362880886,0.258745141588007,0.486042692939245,0.539320388349515,0.278768233387358,0.698545861297539,0.711024498886414,0.331983805668016,0.302290076335878,0.342091705306543,0.311764705882353,0.757870635374928,0.322480620155039
AZ.L.48.3,0.325831702544031,0.529910504003768,0.263103802672148,0.299640841457158,0.245473908413206,0.300736067297581,0.302301255230126,0.294117647058824,0.289180990899899,0.523526230394808,0.263747997864389,0.683985002678093,0.270951156812339,0.322926829268293,0.312696747114376,0.571834992887624,0.276210750399148,0.320961840041819,0.240399789584429,0.31055900621118,0.307653826913457,0.698185816382628,0.286552828175027,0.668108108108108,0.30030959752322,0.327843540916109,0.503451938396176,0.319831667543398,0.262620837808808,0.250928381962865,0.257250268528464,0.316666666666667,0,0.354302969300453,0.262114537444934,0.312630480167015,0.3209229155742,0.501587301587302,0.55021216407355,0.328879753340185,0.694489907255865,0.706681151548072,0.261633919338159,0.295591182364729,0.35140562248996,0.255952380952381,0.748740906547286,0.337349397590361
AZ.H.48.2,0.323950617283951,0.486049926578561,0.342235410484669,0.283176593521421,0.359939759036145,0.337311883757135,0.319582245430809,0.32669729453803,0.350859950859951,0.533912099837222,0.351738241308793,0.684182015167931,0.359567142154452,0.315217391304348,0.349041947177628,0.516898608349901,0.349100257069409,0.339071465832029,0.349751243781095,0.34560327198364,0.332504970178926,0.700721821210439,0.353336782203828,0.668124658283215,0.346329113924051,0.313612565445026,0.500806018269747,0.340670859538784,0.354540790148794,0.371200797209766,0.387468671679198,0.348453608247423,0.354302969300453,0,0.388459556929418,0.351337448559671,0.35968992248062,0.484324324324324,0.506372549019608,0.334710743801653,0.694812362030905,0.702151130722559,0.368086147821831,0.337931034482759,0.221736755871109,0.368232890704801,0.749008498583569,0.276115485564304
NZ.M.48.1,0.350930115635998,0.558083252662149,0.306485355648536,0.345331246739697,0.254152823920266,0.324295010845987,0.348936170212766,0.296176628971459,0.325413223140496,0.516905444126075,0.279867256637168,0.688385269121813,0.317136886102403,0.343718592964824,0.315616438356164,0.582716049382716,0.282307265668331,0.320568927789934,0.279806659505908,0.315164597949271,0.332818930041152,0.702797202797203,0.28643216080402,0.674657534246575,0.335797254487856,0.3792383933229,0.510851419031719,0.30726566833056,0.288323187603763,0.262665198237885,0.254780652418448,0.322475570032573,0.262114537444934,0.388459556929418,0,0.307228915662651,0.316831683168317,0.512990602542841,0.567171470444553,0.335117773019272,0.700346420323326,0.710253456221198,0.275307980717729,0.333333333333333,0.385405960945529,0.255379388448471,0.75134168157424,0.365136668385766
NZ.L.48.2,0.301113360323887,0.562558795860771,0.3,0.29627687467226,0.295514511873351,0.247371333702269,0.307078233102714,0.236670293797606,0.298821117375705,0.506165919282511,0.26226826608506,0.675526024363234,0.29296066252588,0.271143003587904,0.256225788599889,0.577015934331241,0.281537628586898,0.240916713247624,0.296988577362409,0.227700831024931,0.255520504731861,0.696661007357102,0.270478284771853,0.664997217584864,0.232621784345922,0.373850868232891,0.493158182813355,0.235194585448393,0.282773564463705,0.306966998428497,0.310308182784272,0.245429362880886,0.312630480167015,0.351337448559671,0.307228915662651,0,0.261086474501109,0.49455930359086,0.555662188099808,0.255610290093049,0.691399662731872,0.69814502529511,0.321283095723014,0.317196167423096,0.333850931677019,0.30306286942504,0.742178447276941,0.318487830139824
DC.L.48.3,0.298721227621483,0.54916067146283,0.293139293139293,0.312532773990561,0.302016985138004,0.292868807838868,0.31640833778728,0.268608414239482,0.32073544433095,0.513544018058691,0.297734627831715,0.671356218345526,0.301092043681747,0.279979413278435,0.252100840336134,0.569887199607651,0.311123052122515,0.268888888888889,0.313959522573949,0.263157894736842,0.285341679707877,0.689734717416378,0.302452316076294,0.659875495189587,0.286173633440514,0.368012422360249,0.501926252063841,0.268306316377865,0.314178302900107,0.331074035453597,0.318739989321943,0.258745141588007,0.3209229155742,0.35968992248062,0.316831683168317,0.261086474501109,0,0.496703296703297,0.536836935166994,0.285714285714286,0.692657939669892,0.700966458214895,0.329411764705882,0.316700610997963,0.35500515995872,0.333155650319829,0.744131455399061,0.334541688244433
CP.L.48.3,0.484879548949257,0.621495327102804,0.504874294510005,0.4638619201726,0.502382212811011,0.469286109573879,0.479212253829322,0.491768454593733,0.491989664082687,0.358230601885424,0.504562533548041,0.684071381361533,0.499741066804764,0.482124616956078,0.49480021893815,0.649336870026525,0.49457111834962,0.498633132859486,0.499739447628973,0.485110990795885,0.504869297796002,0.699042407660739,0.494240263302249,0.666221628838451,0.48689138576779,0.477571115973742,0.25648628613788,0.490315439955728,0.498373101952278,0.524752475247525,0.520234291799787,0.486042692939245,0.501587301587302,0.484324324324324,0.512990602542841,0.49455930359086,0.496703296703297,0,0.636886102403344,0.501344809037117,0.681942544459644,0.703452945159106,0.535894843276036,0.494358974358974,0.476756756756757,0.506500541711809,0.729361091170136,0.4723564143854
DC.H.48.3,0.47448736289938,0.280118694362018,0.525455394675385,0.543355325164939,0.543385490753912,0.550578034682081,0.550119904076739,0.536782154722354,0.535217794253939,0.6636460554371,0.557619047619048,0.627764127764128,0.542246982358403,0.485633537447009,0.539287457296242,0.224697644812222,0.55347721822542,0.556038647342995,0.537704918032787,0.544976076555024,0.537714021286442,0.651791326209931,0.560693641618497,0.627679118187385,0.550731477111845,0.536042573778423,0.645615866388309,0.559864275327193,0.545630130371801,0.56422232601588,0.5765426283561,0.539320388349515,0.55021216407355,0.506372549019608,0.567171470444553,0.555662188099808,0.536836935166994,0.636886102403344,0,0.552103250478011,0.650497512437811,0.645323289391086,0.557444852941176,0.477490421455939,0.500979431929481,0.546511627906977,0.699612403100775,0.504840271055179
PR.H.48.2,0.312843578210895,0.558368495077356,0.300713557594292,0.303219106957425,0.320062047569804,0.272234273318872,0.309561542525092,0.284210526315789,0.302999491611591,0.513019390581717,0.291955247735748,0.676002196595277,0.304192229038855,0.292044310171198,0.279978296256104,0.564375605033882,0.303400637619554,0.270890223921354,0.305598356445814,0.277301927194861,0.25104821802935,0.700615556799105,0.298387096774194,0.668502202643172,0.287822878228782,0.348117586384734,0.496746203904555,0.273176083379046,0.301916932907348,0.318158303155717,0.323375262054507,0.278768233387358,0.328879753340185,0.334710743801653,0.335117773019272,0.255610290093049,0.285714285714286,0.501344809037117,0.552103250478011,0,0.693207126948775,0.706371191135734,0.309887869520897,0.331178518150174,0.326614987080103,0.328774329300368,0.750713063320023,0.331119059785386
CP.H.48.2,0.681508643268727,0.649603900060938,0.696682464454976,0.679276315789474,0.703904555314534,0.671045117075957,0.675904977375566,0.700054141851651,0.695263157894737,0.678493845039826,0.703314917127072,0.40983606557377,0.692553191489362,0.695002575991757,0.667243367935409,0.647625160462131,0.709070796460177,0.698081264108352,0.697972251867663,0.693798449612403,0.685411140583554,0.358024691358025,0.703766160764474,0.394438722966014,0.678650442477876,0.686834733893557,0.680689655172414,0.695726495726496,0.697596422582448,0.704926908500271,0.698553948832036,0.698545861297539,0.694489907255865,0.694812362030905,0.700346420323326,0.691399662731872,0.692657939669892,0.681942544459644,0.650497512437811,0.693207126948775,0,0.341573033707865,0.698622881355932,0.693354264782836,0.687810259238831,0.709354120267261,0.38861985472155,0.695392953929539
CP.M.48.3,0.687106918238994,0.638665843113033,0.705047318611987,0.695865070729053,0.712506767731456,0.682413204325555,0.684180790960452,0.707251082251082,0.702944269190326,0.682412790697674,0.712789415656009,0.389121338912134,0.699627857522594,0.70118495620814,0.684782608695652,0.63961038961039,0.712860310421286,0.706313416009019,0.711252653927813,0.704030922142463,0.695238095238095,0.351136363636364,0.719151312116136,0.366420274551214,0.685287610619469,0.687675858187957,0.695264241592313,0.711375212224109,0.702127659574468,0.710027100271003,0.711676812396237,0.711024498886414,0.706681151548072,0.702151130722559,0.710253456221198,0.69814502529511,0.700966458214895,0.703452945159106,0.645323289391086,0.706371191135734,0.341573033707865,0,0.70976253298153,0.701671891327064,0.685730149916713,0.714604236343367,0.383578431372549,0.699076588810429
PR.H.48.3,0.315128081198647,0.544997715851987,0.284005979073244,0.342492639842983,0.272119341563786,0.32520325203252,0.340852130325815,0.305681246857717,0.277722277722278,0.559051057246003,0.291602266872746,0.680104712041885,0.268317331985851,0.31391429947039,0.337557019766853,0.581834946980175,0.296544610624033,0.33112582781457,0.266903914590747,0.32173474533535,0.285074626865672,0.700854700854701,0.310985043837029,0.668773038441285,0.325187032418953,0.330982367758186,0.540759493670886,0.34703196347032,0.296850800206505,0.240314136125654,0.247351694915254,0.331983805668016,0.261633919338159,0.368086147821831,0.275307980717729,0.321283095723014,0.329411764705882,0.535894843276036,0.557444852941176,0.309887869520897,0.698622881355932,0.70976253298153,0,0.292610837438424,0.358823529411765,0.289802289281998,0.751357220412595,0.381591562799616
DC.M.48.3,0.233466933867735,0.473011363636364,0.232369355657027,0.308758040573973,0.274619289340101,0.315151515151515,0.318273092369478,0.288152610441767,0.25250501002004,0.543679342240493,0.294715447154472,0.66961038961039,0.255158530447911,0.249134948096886,0.313864906043677,0.519011406844106,0.286519733470015,0.32355915065723,0.249238578680203,0.29984856133266,0.299024390243902,0.694825765575502,0.291237113402062,0.666666666666667,0.323630981746423,0.322661330665333,0.50460593654043,0.319062181447503,0.276200309757357,0.308801591248135,0.316239316239316,0.302290076335878,0.295591182364729,0.337931034482759,0.333333333333333,0.317196167423096,0.316700610997963,0.494358974358974,0.477490421455939,0.331178518150174,0.693354264782836,0.701671891327064,0.292610837438424,0,0.331856228458887,0.305145185939888,0.748663101604278,0.32466895537028
AZ.H.48.3,0.318697582634435,0.490281827016521,0.335311572700297,0.28125,0.356212424849699,0.33952528379773,0.319292771710868,0.34572864321608,0.343980343980344,0.523110386079391,0.358012170385396,0.666484716157205,0.346172839506173,0.304950495049505,0.351184346035015,0.514370664023786,0.35375191424196,0.348140495867769,0.343610144206862,0.345213849287169,0.312969454181272,0.687848383500557,0.357142857142857,0.647902869757174,0.326530612244898,0.270053475935829,0.495708154506438,0.348909657320872,0.356632653061224,0.356034051076615,0.372292191435768,0.342091705306543,0.35140562248996,0.221736755871109,0.385405960945529,0.333850931677019,0.35500515995872,0.476756756756757,0.500979431929481,0.326614987080103,0.687810259238831,0.685730149916713,0.358823529411765,0.331856228458887,0,0.37683358624178,0.740362811791383,0.274201988487703
NC.1D.48.3,0.331505483549352,0.538387715930902,0.284898806434873,0.339825730394669,0.232711306256861,0.330512956107879,0.338920900995285,0.301261829652997,0.310872894333844,0.522537562604341,0.261083743842365,0.687603305785124,0.315573770491803,0.32185628742515,0.302162162162162,0.567317073170732,0.25962596259626,0.316156736446592,0.264331210191083,0.307324840764331,0.327603640040445,0.707440811724915,0.27122381477398,0.681567328918322,0.333850931677019,0.375639713408393,0.502729257641921,0.314964883846569,0.267543859649123,0.277926242650989,0.26775956284153,0.311764705882353,0.255952380952381,0.368232890704801,0.255379388448471,0.30306286942504,0.333155650319829,0.506500541711809,0.546511627906977,0.328774329300368,0.709354120267261,0.714604236343367,0.289802289281998,0.305145185939888,0.37683358624178,0,0.754466858789625,0.34
